(1.9921008986984774, -29): (0, 1) (1, 1) (0, 1) (1, 0) (1, 1) (0, 1) (0, 0) (1, 1) (0, 0) (0, 1) (0, 0) (1, 0) (1, 0) (0, 1) (1, 1) (0, 0) (1, 0) (0, 0) (1, 0) (1, 1) (1, 1) (0, 1) (0, 1) (1, 1) (1, 0) (1, 0) (1, 0) (1, 1) (0, 0) (0, 1) (0, 0) (0, 1) (1, 1) (1, 1) (1, 0) (0, 0) (1, 1) (1, 1) (1, 0) (0, 0) (0, 1) (0, 1) (1, 0) (1, 1) (0, 0) (0, 0) (1, 1) (1, 0) (0, 1) (0, 0) (1, 0) (0, 0) (1, 1) (1, 1) (0, 0) (1, 1) (0, 1) (1, 0) (1, 1) (1, 0) (0, 0) (0, 1) (1, 1) (0, 0) 
(1.7631133013528622, -26): (0, 1) (1, 1) (0, 1) (1, 0) (1, 0) (0, 1) (0, 0) (1, 1) (0, 0) (0, 1) (0, 0) (1, 0) (1, 0) (0, 1) (1, 1) (0, 0) (1, 0) (0, 0) (1, 0) (1, 0) (1, 1) (0, 1) (0, 1) (1, 1) (1, 0) (1, 0) (1, 0) (1, 1) (1, 0) (0, 0) (0, 0) (0, 1) (1, 1) (1, 1) (1, 0) (0, 0) (1, 1) (1, 1) (1, 0) (0, 0) (0, 1) (0, 1) (1, 0) (1, 1) (0, 0) (0, 0) (1, 1) (1, 0) (0, 1) (0, 0) (1, 0) (0, 0) (1, 1) (1, 1) (0, 0) (1, 1) (0, 1) (1, 0) (1, 1) (1, 0) (0, 0) (0, 1) (1, 1) (0, 0) 
(1.7497149337284796, -26): (0, 1) (1, 1) (0, 1) (1, 0) (1, 0) (0, 1) (0, 0) (1, 1) (0, 0) (0, 1) (0, 0) (1, 0) (1, 0) (0, 1) (1, 1) (0, 0) (1, 0) (0, 0) (1, 0) (1, 0) (1, 0) (0, 1) (0, 0) (1, 1) (1, 0) (1, 1) (1, 0) (1, 1) (1, 0) (0, 1) (1, 0) (0, 0) (1, 1) (0, 1) (1, 0) (0, 0) (1, 1) (0, 1) (1, 0) (1, 0) (0, 1) (0, 1) (1, 0) (1, 1) (0, 0) (0, 0) (1, 1) (1, 0) (0, 1) (0, 0) (1, 0) (0, 0) (1, 1) (1, 1) (0, 0) (1, 1) (0, 1) (1, 0) (1, 1) (1, 0) (0, 0) (0, 1) (1, 1) (0, 0) 
(1.681055378141727, -24): (0, 1) (1, 1) (0, 1) (1, 0) (1, 0) (0, 1) (0, 0) (1, 1) (0, 0) (0, 1) (0, 0) (1, 0) (1, 0) (0, 1) (1, 1) (0, 0) (1, 1) (0, 0) (1, 0) (1, 0) (1, 0) (0, 1) (0, 0) (1, 1) (0, 0) (1, 1) (1, 0) (1, 1) (1, 0) (0, 1) (1, 0) (0, 0) (1, 1) (0, 1) (1, 0) (0, 0) (1, 1) (0, 1) (1, 1) (1, 0) (0, 1) (0, 1) (1, 0) (1, 1) (0, 0) (0, 0) (0, 1) (1, 1) (0, 0) (0, 0) (1, 0) (0, 0) (1, 1) (1, 1) (0, 0) (0, 1) (1, 0) (1, 0) (1, 1) (1, 0) (0, 0) (0, 1) (1, 1) (0, 0) 
(1.0474881122902693, -26): (1, 1) (1, 1) (0, 1) (1, 0) (1, 0) (0, 1) (0, 0) (1, 1) (0, 0) (0, 1) (0, 0) (1, 0) (1, 0) (0, 1) (1, 1) (0, 0) (1, 1) (0, 0) (1, 0) (1, 0) (1, 0) (0, 1) (0, 0) (1, 1) (0, 0) (1, 1) (1, 0) (1, 1) (1, 0) (0, 1) (1, 0) (0, 0) (1, 1) (1, 1) (1, 0) (0, 0) (1, 1) (0, 1) (1, 1) (1, 0) (0, 1) (0, 1) (0, 0) (1, 1) (0, 0) (0, 0) (0, 1) (1, 1) (0, 0) (0, 0) (1, 0) (0, 0) (1, 1) (1, 1) (0, 0) (0, 1) (1, 0) (1, 0) (1, 1) (1, 0) (0, 0) (0, 1) (1, 1) (0, 0) 
(1.3209239487044409, -24): (1, 1) (1, 1) (0, 1) (1, 0) (1, 0) (0, 1) (0, 0) (1, 1) (0, 0) (0, 1) (0, 0) (1, 0) (1, 0) (0, 1) (1, 1) (0, 0) (1, 1) (0, 0) (1, 0) (1, 0) (1, 0) (0, 1) (0, 0) (1, 1) (0, 0) (1, 0) (0, 1) (1, 1) (1, 0) (0, 1) (1, 0) (0, 0) (1, 1) (1, 1) (0, 1) (0, 1) (1, 1) (0, 1) (1, 1) (1, 0) (0, 1) (0, 1) (0, 0) (0, 1) (0, 0) (0, 0) (0, 1) (1, 1) (0, 0) (0, 0) (1, 0) (0, 0) (1, 1) (1, 1) (0, 0) (0, 1) (1, 0) (1, 0) (1, 1) (1, 0) (0, 0) (0, 1) (1, 1) (0, 0) 
(1.374856539459247, -27): (1, 1) (1, 1) (0, 1) (1, 0) (1, 0) (0, 1) (0, 0) (1, 1) (0, 0) (0, 1) (0, 0) (1, 0) (1, 0) (0, 1) (1, 1) (0, 0) (1, 1) (0, 0) (1, 1) (1, 1) (1, 0) (0, 1) (0, 0) (1, 1) (0, 0) (1, 0) (1, 1) (0, 1) (1, 0) (0, 1) (1, 0) (0, 0) (1, 1) (1, 1) (0, 1) (0, 1) (1, 1) (0, 1) (1, 1) (1, 0) (0, 1) (0, 1) (0, 0) (0, 1) (0, 0) (0, 0) (0, 1) (1, 1) (0, 0) (0, 0) (1, 0) (0, 0) (1, 1) (1, 1) (0, 0) (0, 1) (1, 0) (1, 0) (1, 1) (1, 1) (0, 0) (0, 1) (1, 1) (0, 0) 
(1.505452543254222, -33): (1, 1) (1, 1) (0, 1) (0, 1) (1, 0) (0, 1) (0, 0) (1, 1) (0, 0) (0, 1) (0, 0) (0, 0) (1, 0) (0, 1) (1, 1) (1, 0) (1, 1) (0, 0) (1, 0) (1, 1) (1, 0) (1, 1) (0, 0) (1, 1) (0, 0) (1, 0) (1, 1) (0, 1) (1, 0) (0, 1) (1, 1) (0, 0) (1, 1) (1, 1) (0, 1) (0, 1) (1, 1) (0, 1) (0, 1) (1, 0) (0, 1) (0, 1) (0, 0) (0, 1) (0, 0) (0, 0) (0, 1) (1, 1) (0, 0) (0, 0) (1, 0) (0, 0) (1, 1) (1, 1) (0, 0) (0, 1) (1, 1) (1, 1) (1, 1) (1, 1) (0, 0) (0, 1) (1, 1) (0, 0) 
(1.6281455867418875, -35): (0, 1) (0, 1) (0, 1) (0, 1) (1, 0) (0, 1) (0, 0) (1, 0) (0, 1) (0, 1) (0, 0) (0, 0) (1, 0) (0, 0) (1, 1) (1, 0) (0, 1) (0, 0) (1, 0) (1, 1) (1, 0) (1, 1) (0, 0) (1, 1) (0, 0) (1, 1) (1, 1) (0, 1) (0, 0) (0, 1) (1, 1) (0, 1) (1, 1) (0, 1) (0, 1) (0, 1) (1, 1) (0, 1) (0, 1) (0, 0) (0, 1) (0, 1) (0, 0) (0, 0) (1, 0) (0, 0) (0, 1) (1, 1) (0, 0) (0, 0) (1, 0) (1, 0) (1, 1) (1, 1) (0, 1) (0, 1) (1, 0) (1, 1) (1, 1) (1, 1) (0, 0) (0, 1) (0, 1) (1, 0) 
(1.4595168385878754, -28): (1, 1) (0, 1) (0, 1) (0, 1) (1, 0) (0, 1) (0, 0) (1, 0) (0, 1) (0, 1) (0, 0) (0, 0) (1, 0) (0, 0) (1, 1) (1, 0) (1, 1) (0, 0) (1, 0) (1, 1) (1, 1) (1, 1) (0, 0) (1, 1) (0, 0) (1, 1) (1, 1) (0, 1) (0, 0) (1, 1) (1, 1) (0, 1) (1, 1) (0, 1) (0, 1) (0, 1) (1, 0) (0, 1) (0, 1) (0, 0) (0, 1) (0, 1) (0, 0) (0, 0) (1, 0) (0, 0) (0, 1) (1, 0) (0, 0) (0, 0) (1, 0) (1, 0) (1, 1) (1, 1) (0, 1) (1, 0) (1, 0) (1, 1) (1, 1) (1, 1) (0, 0) (0, 1) (0, 1) (1, 0) 
(1.1860884744010431, -27): (1, 1) (1, 0) (0, 1) (0, 1) (1, 0) (0, 1) (0, 0) (1, 0) (0, 0) (1, 1) (0, 0) (0, 0) (1, 0) (0, 1) (1, 1) (1, 0) (1, 1) (0, 0) (1, 0) (1, 1) (1, 1) (0, 0) (1, 0) (1, 1) (0, 0) (1, 1) (1, 1) (0, 1) (0, 0) (1, 1) (1, 1) (0, 1) (1, 1) (0, 1) (0, 1) (0, 1) (1, 0) (0, 1) (0, 1) (0, 0) (0, 1) (0, 1) (0, 0) (0, 1) (1, 0) (0, 0) (0, 1) (1, 0) (0, 0) (0, 0) (1, 0) (0, 0) (1, 0) (1, 1) (0, 1) (1, 0) (0, 0) (1, 0) (1, 1) (1, 1) (1, 0) (0, 1) (0, 1) (1, 0) 
(1.275607880063718, -21): (1, 1) (1, 0) (0, 1) (0, 1) (1, 0) (0, 1) (0, 0) (1, 0) (0, 0) (1, 1) (0, 0) (0, 0) (1, 0) (0, 1) (1, 0) (1, 0) (1, 1) (0, 0) (1, 0) (1, 1) (1, 1) (0, 0) (1, 0) (1, 1) (0, 0) (1, 1) (1, 1) (0, 1) (0, 0) (1, 1) (1, 1) (0, 1) (1, 1) (0, 1) (0, 1) (0, 1) (1, 0) (0, 1) (0, 1) (0, 0) (0, 1) (0, 1) (0, 0) (0, 1) (1, 0) (0, 0) (0, 1) (1, 0) (0, 1) (0, 1) (1, 0) (0, 0) (1, 0) (1, 1) (0, 1) (1, 0) (0, 0) (0, 0) (1, 1) (1, 1) (1, 0) (0, 1) (0, 1) (1, 0) 
(1.9625474436545136, -28): (1, 1) (1, 0) (0, 1) (0, 1) (1, 0) (0, 1) (0, 0) (1, 0) (0, 0) (1, 1) (0, 0) (0, 0) (1, 0) (0, 1) (0, 0) (1, 0) (1, 1) (0, 0) (1, 0) (1, 1) (1, 1) (0, 0) (1, 0) (1, 1) (0, 0) (1, 1) (1, 1) (0, 1) (0, 0) (1, 1) (1, 1) (0, 1) (1, 1) (0, 1) (0, 1) (0, 1) (1, 0) (0, 1) (0, 1) (0, 0) (0, 1) (0, 1) (0, 0) (0, 1) (1, 0) (0, 0) (0, 1) (1, 0) (1, 1) (0, 1) (1, 0) (0, 0) (1, 0) (1, 1) (0, 1) (1, 0) (0, 0) (0, 0) (1, 1) (1, 1) (1, 0) (0, 1) (0, 1) (1, 0) 
(1.5344939424603952, -27): (1, 1) (1, 0) (0, 1) (0, 1) (1, 0) (0, 1) (0, 1) (1, 0) (0, 0) (0, 1) (0, 0) (0, 0) (1, 0) (1, 1) (0, 0) (1, 0) (1, 1) (0, 0) (1, 0) (1, 1) (1, 1) (0, 0) (1, 0) (1, 1) (0, 0) (1, 1) (1, 1) (0, 1) (0, 0) (1, 1) (1, 1) (0, 1) (1, 1) (0, 1) (0, 1) (0, 1) (1, 0) (0, 1) (0, 1) (0, 0) (0, 0) (0, 1) (0, 1) (0, 1) (1, 0) (0, 0) (0, 1) (1, 0) (1, 1) (0, 1) (0, 0) (0, 0) (1, 0) (1, 1) (0, 1) (1, 0) (0, 0) (0, 0) (1, 1) (1, 1) (1, 0) (0, 1) (0, 1) (1, 0) 
(1.0102032424546583, -26): (1, 1) (1, 1) (0, 1) (0, 1) (1, 0) (0, 0) (0, 1) (1, 1) (0, 0) (0, 1) (0, 0) (0, 0) (1, 0) (1, 0) (0, 0) (0, 0) (1, 1) (0, 0) (1, 0) (1, 1) (1, 1) (1, 0) (1, 0) (1, 1) (0, 0) (1, 0) (1, 1) (0, 1) (0, 0) (1, 1) (1, 1) (0, 1) (1, 1) (1, 1) (1, 1) (0, 1) (1, 0) (0, 1) (0, 1) (0, 0) (0, 0) (0, 1) (0, 1) (0, 1) (1, 0) (0, 0) (0, 1) (1, 0) (1, 1) (0, 1) (0, 0) (0, 0) (1, 0) (1, 1) (0, 1) (1, 0) (0, 0) (0, 0) (1, 1) (1, 1) (1, 0) (0, 1) (0, 1) (1, 0) 
(1.4666559424627013, -27): (1, 1) (1, 1) (0, 1) (0, 1) (1, 0) (0, 0) (0, 1) (1, 1) (0, 1) (0, 1) (0, 0) (0, 0) (1, 0) (1, 0) (0, 0) (0, 0) (0, 1) (0, 0) (1, 0) (1, 1) (1, 1) (1, 0) (1, 0) (1, 1) (0, 1) (1, 0) (1, 0) (0, 1) (0, 0) (1, 1) (1, 1) (0, 1) (0, 1) (1, 1) (1, 1) (1, 1) (1, 1) (0, 1) (0, 1) (0, 0) (0, 0) (0, 1) (0, 1) (0, 1) (0, 0) (1, 0) (0, 1) (1, 0) (1, 1) (0, 1) (0, 0) (0, 0) (1, 0) (1, 1) (0, 1) (1, 0) (0, 0) (0, 0) (1, 1) (1, 1) (1, 0) (0, 1) (0, 1) (1, 0) 
(1.3937742194051232, -24): (1, 1) (1, 1) (0, 1) (0, 1) (1, 0) (0, 0) (0, 1) (1, 1) (0, 1) (0, 1) (0, 0) (0, 0) (1, 0) (1, 0) (0, 0) (0, 0) (0, 1) (0, 0) (1, 0) (1, 1) (1, 1) (1, 0) (1, 0) (1, 1) (0, 1) (1, 0) (1, 0) (0, 0) (0, 0) (1, 1) (1, 1) (0, 1) (0, 1) (1, 1) (1, 1) (1, 1) (1, 1) (0, 0) (0, 1) (0, 0) (0, 0) (0, 1) (0, 1) (0, 1) (0, 0) (1, 0) (0, 1) (1, 0) (1, 1) (0, 1) (0, 0) (0, 0) (1, 0) (1, 1) (0, 1) (1, 0) (0, 0) (0, 0) (1, 1) (1, 1) (1, 0) (0, 1) (1, 1) (1, 0) 
(1.059420469822881, -31): (1, 1) (1, 1) (0, 1) (0, 1) (1, 0) (0, 0) (0, 1) (1, 1) (0, 1) (0, 1) (0, 0) (0, 0) (1, 0) (1, 0) (0, 0) (0, 0) (0, 1) (0, 0) (1, 0) (1, 1) (1, 1) (1, 0) (1, 0) (1, 1) (0, 1) (1, 0) (1, 0) (0, 0) (0, 0) (1, 1) (1, 1) (0, 1) (1, 1) (1, 1) (0, 1) (1, 1) (1, 1) (0, 0) (0, 1) (1, 0) (0, 0) (0, 1) (0, 1) (0, 1) (0, 0) (1, 0) (0, 1) (1, 0) (1, 1) (0, 1) (0, 0) (0, 0) (1, 0) (1, 1) (0, 0) (1, 0) (1, 0) (0, 0) (1, 1) (1, 1) (1, 0) (0, 1) (1, 1) (1, 0) 
(1.077533333619911, -26): (1, 1) (1, 1) (0, 1) (0, 1) (1, 0) (0, 0) (0, 1) (1, 1) (0, 1) (0, 1) (0, 0) (0, 0) (1, 0) (1, 0) (0, 0) (0, 0) (0, 1) (0, 0) (1, 0) (1, 1) (1, 1) (1, 0) (1, 0) (1, 1) (0, 0) (1, 0) (1, 1) (0, 0) (0, 0) (1, 1) (1, 1) (0, 0) (1, 1) (1, 1) (1, 1) (1, 1) (1, 1) (0, 0) (0, 1) (1, 0) (0, 1) (0, 1) (0, 1) (0, 1) (0, 0) (1, 0) (0, 1) (1, 0) (0, 0) (0, 1) (1, 0) (0, 0) (1, 0) (1, 1) (0, 0) (1, 0) (1, 0) (0, 0) (1, 1) (1, 1) (1, 0) (0, 1) (1, 1) (1, 0) 
(1.6171532651214588, -33): (1, 1) (0, 1) (0, 1) (0, 1) (1, 0) (0, 0) (0, 0) (1, 1) (0, 1) (1, 1) (0, 0) (0, 0) (1, 0) (1, 0) (1, 0) (0, 0) (0, 1) (0, 0) (1, 0) (1, 1) (1, 1) (1, 0) (1, 0) (1, 1) (1, 0) (1, 0) (1, 0) (0, 0) (0, 0) (1, 1) (1, 1) (0, 0) (1, 1) (1, 1) (1, 1) (1, 1) (1, 1) (0, 0) (0, 1) (1, 0) (1, 1) (0, 1) (0, 0) (0, 1) (0, 0) (1, 0) (0, 1) (1, 0) (0, 0) (1, 0) (1, 0) (0, 0) (1, 0) (1, 1) (0, 1) (1, 0) (1, 0) (1, 1) (1, 1) (1, 1) (1, 0) (0, 1) (0, 1) (1, 0) 
